41613
33246
36732
46719
36740
21900
42825
25305
19108
24315
44469
33172
26513
18215
18386
22069
49230
30349
21582
25435
46522
20368
21946
40494
49176
22195
36652
27802
46319
23365
42946
46998
25883
22844
42893
23517
46913
17130
39181
30503
20318
44424
27746
35546
33442
22534
39371
20006
38513
45407
36132
42923
36531
37061
32844
43236
38874
40255
26699
17494
43413
47999
28406
27921
45971
18243
42133
36250
49875
46065
26324
42301
41920
28736
18289
32572
30890
40133
47770
34325
47554
33464
22417
42192
38201
34173
38399
26107
46899
45657
31486
43168
27011
47330
40212
18457
29986
37888
37553
17105
